,name,homepage,labels,github_id,description,category,github_url,license,created_at,updated_at,last_commit_pushed_at,commit_count,recent_commit_count,fork_count,watchers_count,pr_count,open_issue_count,closed_issue_count,star_count,dependent_project_count,github_dependent_project_count,contributor_count,projectrank,show,projectrank_placing,updated_github_id,latest_stable_release_published_at,latest_stable_release_number,release_count,trending,github_release_downloads,monthly_downloads
0,Oscean,https://wiki.xxiivv.com/site/home.html,[],XXIIVV/Oscean,,english,https://github.com/XXIIVV/oscean,MIT,2017-11-22 18:58:35,2023-10-17 14:33:34,2023-10-17 14:33:32,4824.0,161.0,78.0,11.0,69.0,13.0,40.0,449.0,6.0,6.0,41.0,18,True,1.0,,,,,,,
1,Nikita Voloboev,https://wiki.nikiv.dev/,"['science', 'programming', 'arts', 'linux', 'activism', 'python', 'health', 'productivity']",nikitavoloboev/knowledge,,english,https://github.com/nikitavoloboev/knowledge,,2017-09-21 20:12:21,2023-10-01 14:07:07,2023-06-01 14:14:36,13475.0,,514.0,124.0,83.0,12.0,30.0,4641.0,,,45.0,17,True,1.0,,,,,,,
2,Simon Willison,https://til.simonwillison.net/,"['programming', 'linux', 'python']",simonw/til,,english,https://github.com/simonw/til,Apache-2.0,2020-04-19 14:35:59,2023-10-08 17:44:25,2023-10-08 17:44:25,1756.0,163.0,78.0,32.0,20.0,14.0,50.0,824.0,,,12.0,17,True,1.0,,,,,,,
3,100 Rabbits,https://100r.co/site/home.html,"['programming', 'arts']",hundredrabbits/100r.co,,english,https://github.com/hundredrabbits/100r.co,MIT,2017-11-25 02:23:26,2023-10-14 23:21:58,2023-10-14 23:21:56,2248.0,62.0,51.0,11.0,45.0,6.0,38.0,273.0,,,30.0,17,True,1.0,,,,,,,
4,swyx.io ideas,https://www.swyx.io/ideas/?show=Essays,[],sw-yx/swyxdotio,,english,https://github.com/swyxio/swyxdotio,MIT,2017-10-22 06:35:18,2023-10-13 19:16:04,2023-10-13 19:16:04,823.0,15.0,41.0,15.0,40.0,23.0,415.0,294.0,,,31.0,16,True,1.0,swyxio/swyxdotio,,,,,,
5,Giant Robots Smashing Into Other Giant Robots,https://thoughtbot.com/blog,"['linux', 'programming', 'python']",thoughtbot/til,,english,https://github.com/thoughtbot/til,,2015-01-16 22:21:28,2021-09-24 16:04:04,2015-04-03 20:42:00,60.0,,223.0,425.0,96.0,,,3905.0,,,34.0,13,False,1.0,,,,,,,
6,The Blue Book,https://lyz-code.github.io/blue-book,"['activism', 'antifascism', 'productivity', 'health', 'programming', 'python', 'linux', 'arts', 'science', 'feminism']",lyz-code/blue-book,,english,https://github.com/lyz-code/blue-book,CC0-1.0,2020-02-06 01:24:08,2023-10-17 06:42:00,2023-10-16 06:36:47,1357.0,38.0,73.0,18.0,24.0,,7.0,597.0,,,13.0,13,True,1.0,,,,,,,
7,PuiMan Cheui,https://wiki.aleen42.com/,"['programming', 'linux']",aleen42/PersonalWiki,,english,https://github.com/aleen42/PersonalWiki,MIT,2015-05-13 14:26:08,2023-08-02 15:26:24,2023-08-02 15:24:16,19438.0,2.0,49.0,19.0,2.0,28.0,7.0,331.0,,,3.0,13,True,1.0,,,,,,,
8,Jesse Squires,https://jessesquires.github.io/TIL/,"['programming', 'python', 'activism']",jessesquires/TIL,,english,https://github.com/jessesquires/TIL,MIT,2017-12-22 16:57:51,2023-10-16 20:05:50,2023-10-16 20:05:50,355.0,12.0,8.0,21.0,4.0,,,275.0,,,5.0,13,True,1.0,,,,,,,
9,Keyvan Akbary,https://keyvanakbary.github.io/learning-notes/,[],keyvanakbary/learning-notes,,english,https://github.com/keyvanakbary/learning-notes,,2017-01-30 20:52:21,2023-10-12 10:25:08,2022-01-15 16:58:33,108.0,,877.0,162.0,21.0,2.0,2.0,3796.0,,,3.0,12,True,2.0,,,,,,,
10,Yoshua Wuyts,https://github.com/yoshuawuyts/notes,"['arts', 'programming', 'productivity']",yoshuawuyts/notes,,english,https://github.com/yoshuawuyts/notes,,2014-11-15 17:42:36,2022-01-05 12:13:17,2020-10-07 20:53:06,1635.0,,44.0,48.0,17.0,5.0,33.0,840.0,,,13.0,12,True,2.0,,,,,,,
11,David Gasquez,https://publish.obsidian.md/davidgasquez/README,"['programming', 'health', 'linux', 'productivity', 'arts', 'science']",davidgasquez/handbook,,english,https://github.com/davidgasquez/handbook,MIT,2018-07-25 10:13:02,2023-10-16 08:18:29,2023-10-16 08:18:26,1236.0,34.0,15.0,10.0,6.0,1.0,,119.0,,,4.0,12,True,2.0,,,,,,,
12,Maggie Appelton,https://maggieappleton.com/garden,"['programming', 'science', 'arts']",MaggieAppleton/maggieappleton.com-V2,,english,https://github.com/MaggieAppleton/maggieappleton.com-V2,,2021-09-24 09:01:12,2023-10-09 17:57:29,2023-10-09 15:01:47,822.0,20.0,27.0,6.0,21.0,2.0,,241.0,,,5.0,11,True,2.0,,,,,,,
13,Richard Littauer,https://github.com/RichardLitt/knowledge,"['science', 'arts', 'python', 'programming']",RichardLitt/knowledge,,english,https://github.com/RichardLitt/knowledge,MIT,2015-10-31 18:29:39,2023-09-05 15:22:25,2023-09-05 15:22:23,288.0,3.0,19.0,20.0,10.0,4.0,15.0,225.0,,,5.0,11,True,2.0,,,,,,,
14,Lee Byron,https://leebyron.com/til/,"['programming', 'linux']",leebyron/til,,english,https://github.com/leebyron/til,MIT,2022-01-04 00:11:18,2023-10-10 19:22:57,2023-10-10 19:20:45,238.0,23.0,5.0,6.0,,2.0,,56.0,,,,11,True,2.0,,,,,,,
15,Scott Spence,https://scottspence.com/posts,[],spences10/scottspence.com,,english,https://github.com/spences10/scottspence.com,,2021-07-17 15:36:36,2023-10-17 15:48:31,2023-10-17 14:32:03,2401.0,252.0,10.0,2.0,674.0,1.0,3.0,41.0,,,10.0,11,True,2.0,,,,,,,
16,Michael Lubinsky,https://mlubinsky.github.io/,"['programming', 'python', 'linux']",mlubinsky/mlubinsky.github.com,,english,https://github.com/mlubinsky/mlubinsky.github.com,,2011-07-14 23:56:22,2023-10-17 05:35:05,2023-10-17 05:35:05,10196.0,480.0,3.0,2.0,,1.0,,9.0,,,8.0,11,True,2.0,,,,,,,
17,Kyle King recipes,https://recipes.kyleking.me/,['arts'],KyleKing/recipes,,english,https://github.com/KyleKing/recipes,MIT,2017-09-13 00:21:11,2023-10-15 23:53:08,2023-10-15 23:51:09,507.0,30.0,,2.0,15.0,,10.0,5.0,94.0,94.0,2.0,11,True,2.0,,2022-10-21 03:05:20,0.4.0,1.0,,,
18,Jake Chvatal,https://wiki.jacob.chvatal.com/,[],jakeisnt/wiki,,english,https://github.com/jakeisnt/wiki,,2020-07-06 23:00:29,2023-10-17 17:51:53,2023-10-17 17:51:49,1130.0,120.0,2.0,3.0,8.0,1.0,24.0,8.0,,,5.0,10,True,2.0,,,,,,,
19,StrikingLoo (Luciano's Digital Garden),https://strikingloo.github.io,"['productivity', 'programming', 'python']",StrikingLoo/strikingloo.github.io,,english,https://github.com/StrikingLoo/strikingloo.github.io,,2020-06-11 20:36:07,2023-10-17 07:17:16,2023-10-17 07:17:12,1540.0,50.0,3.0,3.0,21.0,,,7.0,,,4.0,10,True,2.0,,,,,,,
20,Jethro's Braindump,https://braindump.jethro.dev/,"['science', 'linux', 'programming', 'activism']",jethrokuan/braindump,,english,https://github.com/jethrokuan/braindump,,2017-03-02 14:55:34,2022-12-02 08:22:52,2022-12-02 08:22:44,574.0,,87.0,20.0,29.0,4.0,11.0,365.0,,,6.0,9,True,2.0,,,,,,,
21,mistermicheels learning notes,https://learning-notes.mistermicheels.com/about/about/,['programming'],mistermicheels/learning-notes,,english,https://github.com/mistermicheels/learning-notes,CC-BY-4.0,2019-04-13 20:39:28,2023-07-07 21:21:47,2023-06-25 16:39:41,286.0,,46.0,8.0,16.0,,,235.0,,,2.0,9,True,2.0,,,,,,,
22,Bhupesh Varshney,https://til.bhupesh.me/,"['programming', 'linux', 'python']",Bhupesh-V/til,,english,https://github.com/Bhupesh-V/til,CC0-1.0,2019-06-18 06:09:22,2023-09-22 09:29:36,2023-09-18 13:21:24,350.0,2.0,13.0,3.0,3.0,,26.0,65.0,,,,9,True,2.0,,,,,,,
23,Gwern Branwen,https://www.gwern.net/,"['science', 'programming', 'arts']",gjord/gwern.net,,english,https://github.com/gjord/gwern.net,,2014-07-03 17:41:01,2023-04-26 13:48:21,2014-07-03 17:50:18,8297.0,,20.0,4.0,,,,26.0,,,5.0,9,False,2.0,,,,,,,
24,Pensieve,https://paveloom.github.io/pensieve,"['programming', 'linux', 'science']",paveloom/paveloom.github.io,,english,https://github.com/paveloom/paveloom.github.io,MIT,2020-02-01 14:29:58,2023-10-16 20:53:45,2023-10-16 20:52:24,1136.0,140.0,,2.0,60.0,,10.0,1.0,,,4.0,9,True,2.0,,,,,,,
25,enkiv2,https://www.lord-enki.net/,"['arts', 'science']",enkiv2/misc,,english,https://github.com/enkiv2/misc,,2016-05-13 19:55:51,2023-07-21 18:52:24,2023-07-21 18:52:09,1097.0,13.0,4.0,9.0,1.0,1.0,2.0,64.0,,,,8,True,2.0,,,,,,,
26,Simon Vocella,https://github.com/voxsim/knowledge,"['science', 'programming']",voxsim/knowledge,,english,https://github.com/voxsim/knowledge,,2017-02-10 13:21:49,2020-06-07 22:04:37,2020-06-07 22:04:32,1689.0,,6.0,6.0,,,,36.0,,,,8,True,2.0,,,,,,,
27,pawamoy's website,https://pawamoy.github.io,"['programming', 'python', 'science']",pawamoy/website/,,english,https://github.com/pawamoy/website,,2020-06-04 21:33:15,2023-10-03 09:20:41,2023-10-03 09:20:38,228.0,10.0,4.0,5.0,2.0,2.0,1.0,35.0,,,,8,True,2.0,,,,,,,
28,Paul Copplestone,https://paul.copplest.one/knowledge/,"['arts', 'science', 'programming']",kiwicopple/paul.copplest.one,,english,https://github.com/kiwicopple/paul.copplest.one,,2019-04-06 11:12:55,2023-08-06 21:22:18,2023-05-21 01:54:04,287.0,,18.0,3.0,52.0,,,33.0,,,9.0,8,True,2.0,,,,,,,
29,Wayanjimmy Notebook,https://notebook.wayanjimmy.xyz/,"['arts', 'programming', 'science', 'productivity']",wayanjimmy/notebook,,english,https://github.com/wayanjimmy/notebook,MIT,2019-07-04 11:37:40,2023-05-28 13:48:45,2023-05-28 13:48:44,490.0,,7.0,2.0,3.0,3.0,,30.0,,,3.0,8,True,2.0,,,,,,,
30,Carlos Delfino,https://carlosdelfino.github.io,[],CarlosDelfino/carlosdelfino.github.com,,portuguese,https://github.com/carlosdelfino/carlosdelfino.github.com,MIT,2011-02-01 11:59:36,2023-10-17 01:10:38,2023-10-17 01:10:06,1877.0,3.0,,3.0,11.0,,,2.0,,,20.0,8,True,1.0,,,,,1.0,,
31,Maxime Vaillancourt,https://maximevaillancourt.com/notes,[],maximevaillancourt/maximevaillancourt.com,,english,https://github.com/maximevaillancourt/maximevaillancourt.com,,2015-07-13 16:50:04,2023-04-12 11:31:08,2023-04-12 11:31:01,194.0,,10.0,4.0,18.0,,6.0,29.0,,,3.0,7,True,2.0,,,,,,,
32,Omar Bahareth,https://wiki.omar.engineer/,"['programming', 'science']",obahareth/knowledge,,english,https://github.com/obahareth/knowledge,MIT,2018-10-01 15:35:49,2022-08-25 10:30:44,2022-08-10 09:10:09,123.0,,2.0,4.0,1.0,,,27.0,,,,7,True,2.0,,,,,,,
33,Robb Knight - The Intersect,https://intersect.rknight.me/,"['productivity', 'health', 'linux', 'programming']",rknightuk/intersect,,english,https://github.com/rknightuk/intersect,,2021-08-23 20:20:08,2023-10-16 10:22:11,2023-10-16 10:22:09,166.0,7.0,2.0,3.0,1.0,,,25.0,,,,7,True,2.0,,,,,,,
34,Marc Loupias,https://memo-dev.marc-loupias.fr/,"['programming', 'linux']",MarcLoupias/memo-dev,,english,https://github.com/MarcLoupias/memo-dev,ISC,2017-05-07 16:44:33,2023-10-16 15:09:52,2023-10-12 15:19:45,884.0,2.0,2.0,3.0,70.0,,,12.0,,,3.0,7,True,2.0,,,,,,,
35,Brian Turchyn,https://wiki.brianturchyn.net,"['health', 'productivity', 'programming']",b-turchyn/wiki,,english,https://github.com/b-turchyn/wiki,CC-BY-SA-4.0,2022-04-11 14:41:41,2023-10-14 17:05:55,2023-10-14 16:46:38,701.0,20.0,,2.0,1.0,,,5.0,,,2.0,7,True,2.0,,,,,,,
36,Walter Teng,https://walterteng.com/garden,"['programming', 'productivity', 'arts']",davzoku/personal-website-v1,,english,https://github.com/davzoku/personal-website-v1,MIT,2021-06-15 15:25:18,2023-09-08 01:58:08,2023-09-08 01:58:08,191.0,8.0,,3.0,84.0,,,4.0,,,2.0,7,True,2.0,,,,,,,
37,nkintc,https://nkintc.gitbook.io/brainless/,"['arts', 'science', 'linux']",nkintc/nkintc.github.io,,english,https://github.com/nkintc/nkintc.github.io,MIT,2020-04-30 17:33:44,2023-07-10 21:13:01,2023-07-10 21:12:58,374.0,,,,2.0,,,,,,,7,True,2.0,,,,,,,
38,Karlicoss Exobrain,https://beepb00p.xyz/exobrain/,"['programming', 'arts', 'science', 'health', 'productivity']",karlicoss/exobrain,,english,https://github.com/karlicoss/exobrain,CC-BY-4.0,2020-03-07 16:16:24,2021-05-23 07:58:57,2021-05-23 07:58:48,102.0,,6.0,5.0,1.0,,1.0,69.0,,,,6,True,3.0,,,,,,,
39,E. Ferreira,https://github.com/slowernews/notebook,"['programming', 'arts']",slowernews/notebook,,english,https://github.com/slowernews/notebook,,2018-02-10 10:44:54,2023-10-11 10:17:31,2023-10-11 10:17:24,444.0,6.0,1.0,4.0,,,1.0,36.0,,,,6,True,3.0,,,,,,,
40,Joseph Rex,https://github.com/josephrexme/knowledge,"['programming', 'arts']",josephrexme/knowledge,,english,https://github.com/josephrexme/knowledge,MIT,2017-03-18 09:01:42,2021-10-29 15:05:30,2021-10-29 15:05:27,85.0,,1.0,6.0,,,1.0,29.0,,,,6,True,3.0,,,,,,,
41,Aizat Faiz,https://www.aizatto.com/,['programming'],aizatto/gitbook-public,,english,https://github.com/aizatto/gitbook-public,,2019-01-29 01:07:38,2023-03-29 03:35:54,2023-03-29 03:35:54,750.0,,3.0,3.0,,,,21.0,,,2.0,6,True,3.0,,,,,,,
42,Ezekiel Kigbo,https://github.com/theatlasroom/tidbits,"['programming', 'science']",theatlasroom/tidbits,,english,https://github.com/theatlasroom/tidbits,,2016-02-17 01:44:04,2023-01-16 05:47:27,2023-01-16 05:47:22,246.0,,3.0,5.0,3.0,,,20.0,,,3.0,6,True,3.0,,,,,,,
43,Sam Yamashita,https://github.com/sotayamashita/knowledge,"['programming', 'linux']",sotayamashita/knowledge,,english,https://github.com/sotayamashita/knowledge,CC-BY-SA-4.0,2016-08-08 00:42:35,2018-02-06 16:32:26,2018-02-06 16:32:26,344.0,,1.0,5.0,1.0,1.0,11.0,16.0,,,2.0,6,False,3.0,,,,,,,
44,seanbreckenridge exobrain,https://exobrain.sean.fish/,['programming'],seanbreckenridge/exobrain,,english,https://github.com/seanbreckenridge/exobrain,,2020-06-11 04:33:29,2023-10-04 20:39:27,2023-10-04 20:39:25,543.0,41.0,,4.0,,,1.0,11.0,,,,6,True,3.0,,,,,,,
45,SecretGeek TIL,https://til.secretgeek.net/,"['programming', 'linux', 'arts', 'python', 'productivity']",secretGeek/today-i-learned-staging,,english,https://github.com/secretGeek/today-i-learned-staging,,2020-04-18 14:15:35,2023-08-30 12:34:24,2023-08-30 12:34:22,251.0,4.0,3.0,4.0,1.0,,,6.0,,,2.0,6,True,3.0,,,,,,,
46,Memento,https://m0wer.github.io/memento/,"['programming', 'linux', 'python', 'arts']",m0wer/memento,,english,https://github.com/m0wer/memento,,2021-04-07 14:35:27,2023-10-17 05:26:55,2023-10-17 05:26:50,1090.0,53.0,,2.0,,,,5.0,,,2.0,6,True,3.0,,,,,,,
47,The Golden Forest,https://www.lorien.cloud/,"['linux', 'tools']",sdelrio/golden-forest,,english,https://github.com/sdelrio/golden-forest,,2021-11-06 18:24:10,2023-10-14 15:55:25,2023-10-14 15:53:11,297.0,28.0,,2.0,20.0,,,,,,,6,True,3.0,,,,,,,
48,Edward Wardell-Yerburgh,https://notes.eddyerburgh.me/,['programming'],eddyerburgh/notes,,english,https://github.com/eddyerburgh/notes,,2019-08-09 06:56:25,2022-03-16 21:09:51,2022-03-16 21:09:48,123.0,,10.0,6.0,4.0,,,52.0,,,2.0,5,True,3.0,,,,,,,
49,Josh Johnston,https://github.com/joshwnj/knowledge,"['programming', 'productivity', 'arts']",joshwnj/knowledge,,english,https://github.com/joshwnj/knowledge,,2015-10-31 13:29:12,2018-01-25 03:21:53,2018-01-25 03:21:51,57.0,,4.0,7.0,2.0,,,50.0,,,,5,False,3.0,,,,,,,
50,Junwei Zhao,https://wiki.toozhao.com/#/,"['programming', 'linux']",wahyd4/knowledge,,english,https://github.com/wahyd4/knowledge,,2017-06-02 09:24:45,2022-07-25 05:38:16,2022-07-25 05:38:16,233.0,,8.0,6.0,,1.0,1.0,46.0,,,2.0,5,True,3.0,,,,,,,
51,Imron Rosyadi,https://irosyadi.gitbook.io/irosyadi/,['programming'],irosyadi/gitbook,,english,https://github.com/irosyadi/gitbook,,2020-06-28 14:40:32,2023-03-08 02:50:33,2023-03-08 02:50:28,244.0,,13.0,2.0,5.0,,,24.0,,,3.0,5,True,3.0,,,,,,,
52,Andrew Zappella,https://github.com/azappella/knowledge,"['programming', 'productivity', 'linux']",azappella/knowledge,,english,https://github.com/azappella/knowledge,,2018-06-26 16:04:46,2023-07-07 11:47:25,2023-07-07 11:47:21,150.0,,1.0,3.0,,,,17.0,,,,5,True,3.0,,,,,,,
53,Caio Gondim,https://github.com/caiogondim/knowledge,"['programming', 'linux']",caiogondim/knowledge,,english,https://github.com/caiogondim/knowledge,MIT,2016-04-19 18:23:40,2016-06-14 11:56:52,2016-06-14 11:48:11,23.0,,1.0,7.0,,,,12.0,,,2.0,5,False,3.0,,,,,,,
54,Nimalan aka mark1626,https://mark1626.github.io/knowledge/,"['science', 'programming', 'linux']",mark1626/knowledge,,english,https://github.com/Mark1626/knowledge,CC0-1.0,2019-12-29 09:35:55,2023-10-09 15:48:03,2023-10-09 15:47:59,341.0,9.0,,1.0,,,,6.0,,,2.0,5,True,3.0,,,,,,,
55,Rachel Brindle,https://knowledge.rachelbrindle.com/,"['activism', 'science', 'arts', 'productivity', 'programming', 'python', 'linux']",younata/personal_knowledge,,english,https://github.com/younata/personal_knowledge,,2019-03-24 01:09:02,2023-09-28 02:22:05,2023-09-28 02:21:50,449.0,7.0,,4.0,6.0,,,5.0,,,3.0,5,True,3.0,,,,,,,
56,Yarden Zamir - an open sourced 🧠,https://www.yarden-zamir.com,"['programming', 'productivity']",Yarden-zamir/me,,english,https://github.com/Yarden-zamir/me,,2022-11-21 13:38:48,2023-10-09 08:11:23,2023-10-09 08:11:17,262.0,3.0,4.0,2.0,3.0,1.0,3.0,3.0,,,2.0,5,True,3.0,,,,,,,
57,Mathias Borgmalm,https://wiki.mathiasborgmalm.dev/,"['arts', 'programming']",MateBoy/knowledge-base,,english,https://github.com/MateBoy/knowledge-base,MIT,2019-10-24 11:08:31,2021-07-05 08:11:39,2021-07-05 08:11:30,83.0,,,1.0,,,,,,,3.0,5,True,3.0,,,,,,,
58,Daniel Schildt,https://github.com/d2s/knowledge,"['programming', 'linux', 'arts', 'science']",d2s/knowledge,,english,https://github.com/d2s/knowledge,,2016-01-21 02:41:09,2020-06-11 21:04:21,2020-06-11 21:03:51,140.0,,3.0,5.0,1.0,1.0,,19.0,,,2.0,4,True,3.0,,,,,,,
59,The Refined Mind,https://refinedmind.co/digital-garden,[],MikeTannenbaum/my-public-mind,,english,https://github.com/MikeTannenbaum/my-public-mind,,2020-05-29 16:00:06,2022-12-13 18:22:24,2022-12-13 18:22:22,185.0,,2.0,,1.0,,,12.0,,,2.0,4,True,3.0,,,,,,,
60,Alex Pliutau,https://github.com/plutov/notebook,['programming'],plutov/notebook,,english,https://github.com/plutov/notebook,,2018-08-20 02:42:32,2021-03-06 09:16:55,2021-03-06 09:16:55,70.0,,6.0,4.0,1.0,,,10.0,,,2.0,4,True,3.0,,,,,,,
61,Kamil Ronewicz,https://github.com/galileo/knowledge,['programming'],galileo/knowledge,,english,https://github.com/galileo/knowledge,MIT,2017-05-03 07:48:33,2022-02-08 11:35:24,2022-02-08 11:35:23,39.0,,1.0,3.0,1.0,,1.0,9.0,,,,4,True,3.0,,,,,,,
62,Mineral Existence,https://mineralexistence.com/home.html,"['programming', 'arts']",flber/Mineral-Existence,,english,https://github.com/flber/mx,,2020-09-27 02:34:26,2023-04-26 20:36:57,2023-04-19 21:15:01,565.0,,1.0,1.0,4.0,,,8.0,,,,4,True,3.0,flber/mx,,,,,,
63,Piotr Stojanow,https://wiki.stojanow.com/,"['science', 'arts', 'activism', 'productivity']",psto/episteme,,english,https://github.com/psto/episteme,,2019-01-31 17:47:00,2023-02-28 13:58:07,2023-02-28 13:57:57,187.0,,1.0,4.0,,,,7.0,,,2.0,4,True,3.0,,,,,,,
64,Myles Braithwaite,https://wiki.mylesb.ca/,"['programming', 'arts', 'linux', 'productivity']",myles/wiki,,english,https://github.com/myles/wiki,CC0-1.0,2017-10-30 00:35:00,2023-04-14 04:08:46,2023-04-14 04:08:46,437.0,,,3.0,137.0,1.0,1.0,3.0,,,4.0,4,True,3.0,,2019-01-14 15:42:02,2018,1.0,,12.0,0.0
65,Things Learned,https://sunflowerno0b.github.io/ATW/,"['programming', 'linux']",sunflowerno0b/ATW,,english,https://github.com/sunflowerno0b/ATW,GPL-3.0,2020-10-19 22:55:09,2023-04-15 17:11:43,2023-04-15 17:11:02,95.0,,,,,,,2.0,,,7.0,4,True,3.0,,,,,,,
66,Mingyang Li,https://tslmy.gitbook.io/k/,"['programming', 'science']",tslmy/know,,english,https://github.com/tslmy/know,,2019-03-03 20:52:14,2022-04-28 19:33:33,2022-04-28 19:33:32,104.0,,,3.0,,,,8.0,,,2.0,3,True,3.0,,,,,,,
67,David Seah,https://davidseah.gitbook.io/davidseah/,"['productivity', 'programming']",davidseah/knowledgebank,,english,https://github.com/davidseah/knowledgebank,,2019-10-24 01:09:09,2021-09-02 01:33:58,2021-09-02 01:33:56,208.0,,,1.0,,,,7.0,,,,3,True,3.0,,,,,,,
68,Nick S. Plekhanov,https://github.com/nicksp/til,['programming'],nicksp/til,,english,https://github.com/nicksp/til,,2017-04-23 21:55:40,2017-07-14 21:13:57,2017-07-14 21:13:51,12.0,,,3.0,,,,6.0,,,,3,False,3.0,,,,,,,
69,Josh Pierro,https://github.com/joshpierro/knowledge,"['programming', 'linux', 'arts']",joshpierro/knowledge,,english,https://github.com/joshpierro/knowledge,,2017-03-09 18:24:08,2019-04-30 15:55:55,2019-04-30 15:55:54,14.0,,,3.0,,,,4.0,,,,3,False,3.0,,,,,,,
70,Oleh Kuchuk,https://github.com/hzlmn/week-learning,"['python', 'programming']",hzlmn/week-learning,,english,https://github.com/hzlmn/week-learning,,2017-03-26 10:04:54,2019-08-18 21:28:23,2019-08-18 21:28:22,47.0,,,4.0,,,,4.0,,,2.0,3,True,3.0,,,,,,,
71,Bruno Coimbra,https://wiki.metaphoric.dev/,['linux'],b-coimbra/wiki,,english,https://github.com/b-coimbra/wiki,,2017-06-26 23:15:31,2022-06-08 23:01:03,2022-06-08 21:50:53,110.0,,,1.0,,,,3.0,,,3.0,3,True,3.0,,,,,,,
72,Eyal Levin,https://github.com/eyalev/notes,['arts'],eyalev/notes,,english,https://github.com/eyalev/notes,,2018-10-04 19:46:56,2020-04-27 09:26:21,2020-04-27 09:26:17,88.0,,,2.0,,,,3.0,,,,3,True,3.0,,,,,,,
73,Harald O. Bakke,https://hwiki.bakke.be/,"['activism', 'arts', 'productivity']",bakke92/hwiki,,english,https://github.com/bakke92/hwiki,,2019-04-13 09:28:45,2023-10-02 18:25:48,2023-10-02 18:25:45,293.0,3.0,,2.0,,,,2.0,,,2.0,3,True,3.0,,,,,,,
74,Prasanna Loganathar,https://github.com/prasannavl/knowledge,"['science', 'linux', 'programming']",prasannavl/knowledge,,english,https://github.com/prasannavl/knowledge,,2019-05-10 00:53:49,2022-02-28 07:29:34,2022-02-28 07:29:30,90.0,,,3.0,,,,2.0,,,,3,True,3.0,,,,,,,
75,Marshall Bowers,https://knowledge.maxdeviant.com/,"['programming', 'linux']",maxdeviant/knowledge,,english,https://github.com/maxdeviant/knowledge,,2020-03-21 21:21:49,2021-05-16 18:04:43,2021-05-16 18:04:40,30.0,,,2.0,,,,,,,,3,True,3.0,,,,,,,
76,Stephen McAleese,https://directory.stephenmcaleese.com/,"['science', 'productivity']",smcaleese/directory,,english,https://github.com/smcaleese/directory,,2019-02-13 20:50:10,2022-12-09 15:40:20,2021-02-14 21:42:32,47.0,,,1.0,34.0,,,,,,,3,True,3.0,,,,,,,
77,Rebeca Sarai,https://rsarai.github.io/,[],rsarai/rsarai.github.io,,english,https://github.com/rsarai/rsarai.github.io,MIT,2020-02-07 01:46:20,2023-08-10 14:28:11,2023-08-10 14:28:02,111.0,1.0,,2.0,15.0,1.0,,,,,2.0,3,True,3.0,,,,,,,
78,Believer,https://devlog.willcodefor.beer/,['programming'],believer/devlog,,english,https://github.com/believer/devlog,,2021-06-13 07:49:07,2022-04-23 04:28:06,2022-04-23 04:28:06,142.0,,1.0,1.0,,,,20.0,,,2.0,2,True,3.0,,,,,,,
79,Nimor's zettelkasten,https://nimor111.github.io/notebook/,[],Nimor111/notebook,,english,https://github.com/Nimor111/notebook,,2020-12-03 21:03:34,2021-06-03 20:32:37,2021-06-03 20:31:25,43.0,,1.0,2.0,,,,7.0,,,2.0,2,True,3.0,,,,,,,
80,.CLI,https://wiki.changbai.li/#/,"['programming', 'health']",dotcli/knowledge,,english,https://github.com/dotcli/knowledge,,2018-12-09 14:00:32,2022-12-19 19:32:28,2022-12-19 19:32:28,138.0,,,1.0,1.0,,,4.0,,,2.0,2,True,3.0,,,,,,,
81,(Nick Belzer,https://notes.nickbelzer.me/,['programming'],nbelzer/notes,,english,https://github.com/nbelzer/notes,,2020-04-25 18:21:31,2023-02-20 19:56:56,2022-12-03 14:28:47,110.0,,,2.0,41.0,1.0,,4.0,,,2.0,2,True,3.0,,,,,,,
82,Alper Kanat,https://github.com/tunix/notebook,['linux'],tunix/notebook,,english,https://github.com/tunix/notebook,,2020-10-02 09:34:09,2023-05-09 20:11:17,2023-05-09 20:11:17,25.0,,,1.0,,,,3.0,,,2.0,2,True,3.0,,,,,,,
83,Shreyas Minocha’s Wiki,https://wiki.shreyasminocha.me/index.html,"['science', 'programming', 'python']",shreyasminocha/wiki,,english,https://github.com/shreyasminocha/wiki,,2020-05-21 16:08:32,2021-02-21 01:46:20,2021-02-21 01:45:23,50.0,,,2.0,,,,2.0,,,3.0,2,True,3.0,,,,,,,
84,Mehmet Kanat,https://github.com/mehmetka/notebook,['programming'],mehmetka/notebook,,english,https://github.com/mehmetka/notebook,,2020-09-13 16:06:40,2023-09-25 20:22:03,2023-09-25 20:22:02,133.0,13.0,,1.0,,,,1.0,,,2.0,2,True,3.0,,,,,,,
85,Vegard Stikbakke's TILs,https://til.vegardstikbakke.com/,['programming'],vegarsti/til,,english,https://github.com/vegarsti/til,,2021-05-19 10:00:20,2023-06-30 07:02:39,2023-06-30 07:02:38,64.0,,,2.0,,,,1.0,,,,2,True,3.0,,,,,,,
86,Manassarn Manoonchai,https://wiki.monosor.com/,"['programming', 'productivity', 'arts']",narze/knowledge,,english,https://github.com/narze/knowledge,,2019-07-19 04:49:09,2020-11-10 04:50:23,2020-11-10 04:50:17,55.0,,,1.0,,,,,,,2.0,2,True,3.0,,,,,,,
87,Brandon Boswell,https://brandonkboswell.com/,"['programming', 'productivity', 'design', 'mindfulness']",brandonkboswell/garden,,english,https://github.com/brandonkboswell/garden,,2022-01-20 03:35:26,2023-10-09 02:41:14,2023-10-09 02:41:10,93.0,9.0,,1.0,,,1.0,1.0,,,,1,True,3.0,,,,,,,
88,Derelict garden,https://derelict.garden,"['programming', 'linux', 'science']",,"Digital garden, webring and community of hackers.",english,,,,,,,,,,,,,,,,,1,True,3.0,,,,,,,
89,Kirill Gorbachyonok,https://github.com/japanese-goblinn/knowledge-base,"['programming', 'productivity']",japanese-goblinn/knowledge-base,,english,,,,,,,,,,,,,,,,,0,True,,,,,,,,
90,whoibrar notes,https://notes.whoibrar.com/,"['productivity', 'programming', 'python']",,,english,,,,,,,,,,,,,,,,,0,True,,,,,,,,
